0 72 186
176 191 26
124 185 232
201 255 229
178 132 190
114 160 193
242 240 230
240 248 255
196 98 16
239 222 205
229 43 80
159 43 104
241 156 187
171 39 79
211 33 45
59 122 87
255 191 0
255 126 0
153 102 204
164 198 57
205 149 117
102 93 30
145 92 131
132 27 45
250 235 215
0 128 0
141 182 0
251 206 177
0 255 255
127 255 212
208 255 20
75 83 32
143 151 121
233 214 107
178 190 181
135 169 107
255 153 102
165 42 42
253 238 0
86 130 3
0 127 255
240 255 255
46 88 149
137 207 240
161 202 241
244 194 194
254 254 250
255 145 175
33 171 205
250 231 181
255 225 53
0 106 78
224 33 138
124 10 2
29 172 214
132 132 130
95 201 191
152 119 123
188 212 230
250 110 121
159 129 112
242 142 28
245 245 220
156 37 66
232 142 90
255 228 196
61 43 31
150 113 23
202 224 13
191 255 0
254 111 94
191 79 81
0 0 0
61 12 2
27 24 17
59 47 47
84 98 111
37 53 41
59 60 54
143 89 115
191 175 178
255 235 205
165 113 100
49 140 231
172 229 238
250 240 190
138 3 3
210 0 27
102 0 0
164 19 19
99 15 15
0 0 255
31 117 254
0 147 175
0 135 189
0 24 168
51 51 153
2 71 254
162 162 208
0 185 251
0 136 220
102 153 204
13 152 186
6 78 64
93 173 236
172 229 238
85 53 146
12 191 233
18 97 128
138 43 226
115 102 189
77 26 127
80 114 167
79 134 247
28 28 240
222 93 131
121 68 59
0 149 182
227 218 201
221 226 106
204 0 0
0 106 78
135 50 96
0 112 255
135 65 63
255 99 28
203 65 84
29 172 214
235 236 240
102 255 0
224 71 92
191 148 228
216 145 239
195 33 72
25 116 210
255 0 127
8 232 222
209 159 232
255 170 29
51 153 255
244 187 255
255 85 163
251 96 127
0 66 37
136 84 11
205 127 50
176 140 86
115 112 0
153 51 0
175 89 62
150 75 0
165 42 42
107 68 35
175 110 77
27 77 62
255 193 204
231 254 255
123 182 97
240 220 130
72 6 7
128 0 32
222 184 135
161 122 116
204 85 0
233 116 81
138 51 36
36 160 237
189 51 164
112 41 99
83 104 114
95 158 160
169 178 195
145 163 176
10 17 146
0 107 60
237 135 45
182 12 38
227 0 34
255 246 0
127 62 152
166 123 91
75 54 33
30 77 43
252 255 164
163 193 173
193 154 107
239 187 204
120 134 107
255 255 153
255 239 0
255 8 0
228 113 122
0 191 255
89 39 32
255 213 154
196 30 58
0 204 153
150 0 24
215 0 64
235 76 66
255 0 56
255 166 201
179 27 27
86 160 211
237 145 33
0 86 63
6 42 120
112 54 66
201 90 73
146 161 207
172 225 175
0 123 167
47 132 124
178 255 255
73 151 208
36 107 206
222 49 99
236 59 131
0 123 167
42 82 190
0 20 64
109 155 195
29 172 214
0 122 165
224 60 49
173 191 200
160 120 90
247 231 206
241 221 207
54 69 79
35 43 43
208 116 139
230 143 172
223 255 0
127 255 0
255 166 0
222 49 99
255 183 197
149 69 53
222 111 161
168 81 110
20 20 20
54 81 148
205 128 50
170 56 30
208 219 97
204 153 0
243 112 66
222 112 161
114 11 152
205 7 30
170 56 30
204 204 204
133 96 136
226 229 222
255 178 0
74 255 0
63 0 15
88 17 26
60 20 33
123 63 0
210 105 30
42 143 189
54 81 148
93 43 44
76 31 2
60 141 13
0 117 2
202 169 6
255 102 0
213 108 43
255 204 203
227 66 133
102 51 152
77 8 77
170 1 20
176 27 46
225 223 224
255 204 0
254 242 0
255 167 0
152 129 123
227 66 52
210 105 30
205 96 126
228 208 10
147 55 9
158 169 31
127 23 52
251 204 231
0 71 171
210 105 30
150 90 62
111 78 55
60 48 36
196 216 226
255 255 204
248 131 121
0 46 99
140 146 172
238 224 177
184 115 51
218 138 103
173 111 105
203 109 81
153 102 102
255 56 0
255 127 80
248 131 121
255 64 64
253 124 110
246 164 148
137 63 69
251 236 93
179 27 27
100 149 237
1 159 222
255 248 220
46 45 136
255 248 231
129 97 60
255 188 217
255 253 208
220 20 60
175 0 42
190 0 50
153 0 0
245 245 245
0 255 255
78 130 180
70 130 191
40 88 156
24 139 194
0 183 235
88 66 124
255 211 0
245 111 161
255 255 49
240 225 48
253 219 109
0 0 139
102 102 153
128 74 45
81 65 0
101 67 33
136 101 78
93 57 84
164 0 0
8 69 126
51 51 51
152 105 96
73 2 6
60 19 33
38 66 139
205 91 69
0 139 139
83 104 120
170 108 57
184 134 11
169 169 169
1 50 32
0 100 0
31 38 42
0 65 106
0 20 126
26 36 33
189 183 107
72 60 50
115 79 150
139 190 27
83 75 79
84 61 55
139 0 139
169 169 169
0 51 102
74 93 35
85 107 47
255 140 0
153 50 204
119 158 203
3 192 60
150 111 214
194 59 34
231 84 128
0 51 153
79 58 60
48 25 52
135 38 87
139 0 0
233 150 122
86 3 25
143 188 143
60 20 20
113 112 110
140 190 214
72 61 139
47 79 79
23 114 69
145 129 81
255 168 18
72 60 50
204 78 92
0 206 209
209 190 168
148 0 211
155 135 12
0 112 60
85 85 85
215 10 83
156 138 164
64 130 109
169 32 62
239 48 56
233 105 44
218 50 135
250 214 165
185 78 72
112 66 65
193 84 193
5 102 8
14 124 97
0 75 73
51 51 102
245 199 26
153 85 187
204 0 204
130 0 0
212 115 212
53 94 59
255 203 164
255 20 147
169 92 104
133 1 1
132 63 91
255 153 51
0 191 255
74 100 108
85 107 47
126 94 96
102 66 77
51 0 102
186 135 89
21 96 189
34 67 182
102 153 153
193 154 107
237 201 175
234 60 83
185 242 255
105 105 105
197 49 81
155 118 83
181 101 30
232 228 201
30 144 255
254 246 91
215 24 104
133 187 101
130 142 132
102 76 40
150 113 23
0 0 156
229 204 201
239 223 187
93 58 26
225 169 95
85 93 80
194 178 128
27 27 27
97 64 81
240 234 214
16 52 166
125 249 255
181 98 87
255 0 63
0 255 255
0 255 0
111 0 255
244 187 255
204 255 0
255 53 3
246 38 129
191 0 255
230 0 0
63 0 255
143 0 255
255 255 51
80 200 120
4 99 7
108 48 130
27 77 62
180 131 149
171 75 82
204 71 75
86 60 92
150 200 162
68 215 168
57 86 156
193 154 107
128 24 24
181 51 137
222 82 133
244 0 161
229 170 112
77 93 83
253 213 177
79 121 66
255 40 0
108 84 30
255 84 112
178 34 34
206 32 41
233 92 75
226 88 34
252 142 172
107 68 35
247 233 142
238 220 130
33 107 214
251 0 129
162 0 109
255 250 240
244 152 173
21 244 238
255 191 0
255 20 147
204 255 0
255 0 79
95 167 119
1 68 33
34 139 34
166 123 91
133 109 77
0 114 187
253 63 146
134 96 142
158 253 56
212 115 212
28 2 24
253 108 158
129 20 83
78 22 9
199 44 72
246 74 138
119 181 254
136 6 206
172 30 68
166 231 255
233 54 167
255 0 255
193 84 193
255 119 255
204 57 123
199 67 117
228 132 0
204 102 102
220 220 220
228 155 15
152 102 0
115 54 53
255 223 70
0 127 102
248 248 255
176 92 82
254 90 29
216 228 188
96 130 182
171 146 179
0 171 102
165 124 0
212 175 55
255 215 0
230 190 138
133 117 78
189 155 22
153 101 21
252 194 0
255 223 0
218 165 32
222 82 70
76 139 245
26 162 96
255 206 68
103 103 103
168 228 160
111 45 168
128 128 128
190 190 190
70 89 69
140 146 172
0 128 1
0 255 0
28 172 120
0 128 0
0 168 119
0 159 107
0 173 67
0 165 80
102 176 50
17 100 180
40 135 200
76 114 29
0 153 102
167 244 50
110 174 161
101 255 0
173 255 47
240 232 145
169 154 134
0 255 127
42 52 57
248 248 248
102 55 84
235 97 35
68 108 207
82 24 250
233 214 107
63 255 0
70 203 24
242 156 183
201 0 22
218 145 0
128 128 0
255 122 0
150 0 24
223 115 255
170 152 168
170 0 187
244 0 161
240 255 240
0 109 176
73 121 107
255 29 206
255 105 180
53 94 59
113 166 210
146 60 1
252 247 94
113 188 120
49 145 119
96 47 107
0 35 149
102 2 60
237 41 57
178 236 93
76 81 109
19 136 8
205 92 92
227 168 87
75 0 130
9 31 146
79 105 198
35 48 103
75 0 130
255 73 108
54 12 204
0 47 167
255 79 0
186 22 12
192 54 44
90 79 207
161 157 148
179 68 108
244 240 236
178 255 255
255 255 240
61 50 93
65 54 40
0 168 107
157 41 51
38 67 72
47 117 50
91 50 86
248 222 126
215 59 62
223 145 79
165 11 94
218 97 78
68 121 142
52 52 52
187 208 201
244 202 22
138 185 241
189 218 87
41 171 135
76 187 23
124 28 5
58 176 158
232 244 140
195 176 145
240 230 140
142 229 63
136 45 23
231 159 196
107 68 35
53 66 48
79 38 131
232 0 13
8 120 48
214 202 221
224 188 91
38 97 156
255 255 102
169 186 157
207 16 32
181 126 220
230 230 250
204 204 255
255 240 245
196 195 208
148 87 235
238 130 238
230 230 250
251 174 210
150 123 182
251 160 227
124 252 0
255 247 0
255 250 205
204 160 29
253 255 0
189 48 0
227 255 0
92 255 103
246 234 190
255 244 79
255 255 159
186 147 216
84 90 167
26 17 16
253 213 177
173 216 230
181 101 29
230 103 113
85 31 47
136 172 224
240 128 128
147 204 234
245 105 145
224 255 255
255 92 205
200 173 127
249 132 239
178 151 0
255 236 139
250 250 210
211 211 211
204 153 204
144 238 144
255 179 222
240 230 140
211 155 203
173 223 173
238 221 98
254 216 177
230 168 215
177 156 217
197 203 225
255 182 193
255 51 51
233 116 81
255 160 122
255 153 153
32 178 170
216 216 216
135 206 250
119 136 153
176 196 222
179 139 109
230 143 172
175 228 222
122 82 153
255 255 224
200 162 200
174 152 170
191 255 0
0 255 0
50 205 50
157 194 9
25 89 5
250 240 230
193 154 107
222 111 161
108 160 220
248 185 212
103 76 71
184 109 41
108 46 31
152 116 86
102 153 204
255 254 250
123 154 200
236 207 207
255 228 205
230 32 32
0 28 61
255 189 136
204 51 54
255 0 255
192 64 0
251 236 93
242 198 73
96 80 220
11 218 81
151 154 170
243 122 72
253 190 2
150 255 0
255 130 67
116 195 101
136 0 133
234 162 33
195 33 72
128 0 0
176 48 96
224 176 255
145 95 109
239 152 170
71 171 204
48 191 191
172 172 230
94 140 49
217 230 80
255 91 0
115 51 128
246 165 242
217 33 33
166 58 121
137 47 119
250 250 55
242 186 73
76 145 65
115 194 251
229 183 59
102 221 170
0 0 205
226 6 44
175 64 53
243 229 171
3 80 150
3 121 73
28 53 45
221 160 221
255 120 2
186 85 211
0 103 165
254 110 159
147 112 219
177 3 4
187 51 133
170 64 105
60 179 113
128 218 235
123 104 238
201 220 135
0 250 154
103 76 71
72 209 204
121 68 59
217 96 59
101 49 95
199 21 133
255 227 2
248 184 120
248 222 126
253 188 180
254 186 173
193 249 162
50 82 123
169 113 66
172 67 19
211 175 55
41 110 1
218 104 15
237 166 196
166 44 43
10 126 140
168 169 173
156 124 56
90 10 145
253 204 13
228 0 124
0 162 237
0 120 215
125 183 0
240 78 31
253 185 0
126 212 230
141 217 204
139 114 190
139 134 128
77 140 87
172 191 96
217 130 181
229 144 115
165 83 83
255 235 0
236 177 118
112 38 112
25 25 112
0 70 140
0 73 83
255 196 12
253 255 245
132 86 60
255 218 233
227 249 136
54 116 125
245 220 80
62 180 137
245 255 250
152 255 152
187 180 119
255 228 225
250 235 215
190 164 147
150 113 23
58 168 193
115 169 194
174 12 0
141 163 153
138 154 91
48 186 143
153 122 141
24 69 59
111 83 61
48 96 48
197 75 140
200 80 155
130 142 132
255 219 88
205 122 0
110 110 48
255 173 1
49 120 115
214 82 130
173 67 121
255 34 0
246 173 198
42 128 0
250 218 94
255 222 173
0 0 128
25 116 210
148 87 235
27 3 163
195 115 42
255 163 67
0 254 252
254 65 100
207 170 1
128 128 128
0 132 67
19 155 66
57 255 20
254 52 126
148 87 235
255 24 24
255 38 3
204 204 204
246 137 10
255 247 0
33 79 198
215 131 127
114 116 114
228 0 15
164 221 237
233 255 219
79 66 181
0 119 190
72 191 145
204 119 34
0 128 0
253 82 64
67 48 46
207 181 59
86 60 92
253 245 230
121 104 120
103 49 71
134 126 54
192 128 129
132 132 130
128 128 0
107 142 35
60 52 31
181 179 92
154 185 115
53 56 57
168 195 188
183 132 167
255 102 0
255 127 0
255 117 56
255 88 0
251 153 2
255 165 0
255 103 0
255 159 0
255 104 31
255 83 73
231 78 20
250 91 61
245 189 31
248 213 104
218 112 214
242 189 205
226 156 210
251 79 20
101 67 33
65 74 76
45 56 58
255 110 74
128 0 32
0 33 71
109 154 121
153 0 0
28 169 201
0 102 0
39 59 226
104 40 96
188 212 230
175 238 238
152 118 84
175 64 53
155 196 226
221 173 175
218 138 103
171 205 239
135 211 248
230 190 138
238 232 170
152 251 152
220 208 255
249 132 229
255 153 204
250 218 221
221 160 221
219 112 147
150 222 209
201 192 187
236 235 189
188 152 126
175 238 238
204 153 255
219 112 147
111 153 64
120 24 74
0 155 125
255 239 213
230 62 98
80 200 120
217 152 160
174 198 207
130 105 83
207 207 196
119 221 119
244 154 194
255 179 71
222 165 164
179 158 181
255 105 97
203 153 201
253 253 150
128 0 128
83 104 120
255 229 180
255 203 164
255 204 153
255 218 185
250 223 173
209 226 49
234 224 200
136 216 192
183 104 162
230 226 0
204 204 255
195 205 230
225 44 44
28 57 187
0 166 147
50 18 122
217 144 88
247 127 190
112 28 28
204 51 51
254 40 162
236 88 0
205 133 63
139 168 183
0 56 167
110 58 7
93 25 22
177 115 4
253 223 22
140 140 140
0 133 67
0 65 106
255 115 0
255 26 142
206 17 39
179 179 179
0 102 255
129 0 127
254 203 0
223 0 255
0 15 137
18 53 36
69 177 232
195 11 78
253 221 230
1 121 111
42 47 35
86 60 13
255 192 203
215 72 148
246 214 222
240 211 220
252 116 253
255 221 244
216 178 209
255 153 102
231 172 207
152 0 54
247 143 167
147 197 114
57 18 133
229 228 226
142 69 133
221 160 221
89 70 178
55 79 107
93 164 147
134 96 142
190 79 98
255 90 54
176 224 230
50 156 195
255 64 160
255 0 64
255 133 207
245 128 37
112 28 28
0 49 83
223 0 255
204 136 153
114 47 55
100 65 23
59 51 28
255 117 24
128 0 128
159 0 197
160 32 240
105 53 156
150 120 182
78 81 128
254 78 218
156 81 182
80 64 77
154 78 174
81 72 79
67 107 149
232 204 215
166 166 166
142 58 89
106 84 69
93 138 168
255 53 94
36 33 36
251 171 96
227 11 92
145 95 109
226 80 152
179 68 108
214 138 89
130 102 68
255 51 204
227 37 107
141 78 133
102 52 153
255 0 0
238 32 77
242 0 60
196 2 51
237 41 57
237 28 36
254 39 18
165 42 42
223 1 24
134 1 17
255 83 73
255 104 31
255 69 0
228 0 120
151 58 74
253 58 74
236 3 1
199 21 133
192 68 143
146 43 62
164 90 82
0 0 0
0 35 135
119 118 150
241 167 254
215 0 64
8 146 208
167 107 207
182 102 210
176 48 96
68 76 56
255 195 36
112 66 65
0 204 204
138 127 128
131 137 150
41 14 5
255 0 127
249 66 158
158 94 111
103 72 70
150 1 69
183 110 121
227 38 54
255 102 204
170 152 169
189 85 156
194 30 86
144 93 93
171 78 82
101 0 11
188 143 143
0 56 168
0 35 102
65 105 225
82 59 53
202 44 146
19 98 7
249 146 69
231 56 149
155 28 49
208 0 96
120 81 169
250 218 94
206 70 118
209 0 86
224 17 95
155 17 30
168 28 7
154 78 64
128 70 27
103 146 103
50 23 77
183 65 14
218 44 67
4 57 39
139 69 19
255 120 0
255 103 0
238 210 2
244 196 48
188 184 138
35 41 122
23 123 77
250 128 114
231 150 139
255 145 164
18 39 158
194 178 128
150 113 23
236 213 64
244 164 96
253 217 181
150 113 23
80 125 42
15 82 186
0 103 165
255 70 129
203 161 53
255 36 0
253 14 53
255 145 175
255 216 0
102 255 102
0 105 148
195 226 191
46 139 87
1 255 205
75 199 207
50 20 20
255 245 238
255 186 0
112 66 20
138 121 93
119 139 165
255 207 241
0 158 96
255 230 112
143 212 0
217 134 149
95 167 120
252 15 192
255 111 255
136 45 23
192 192 192
201 192 187
170 169 173
172 172 172
175 177 174
93 137 186
196 174 173
191 193 194
203 65 11
255 56 85
255 219 0
0 116 116
135 206 235
118 215 234
207 113 175
106 90 205
112 128 144
41 150 23
0 51 153
255 109 58
200 65 134
115 130 118
131 42 34
16 12 8
255 250 250
206 200 239
137 56 67
117 117 117
158 19 22
29 41 81
128 117 50
0 112 184
209 0 71
229 26 76
152 152 152
0 145 80
232 97 0
247 191 190
102 3 60
230 0 38
0 255 255
76 40 130
0 127 92
246 181 17
139 95 77
15 192 252
167 252 0
135 255 42
0 255 127
236 235 189
0 123 184
70 130 180
204 51 204
95 138 139
250 218 94
228 217 111
252 90 141
207 20 43
252 90 141
200 63 73
145 78 117
255 64 76
255 204 51
242 242 122
227 171 87
250 214 165
253 94 83
207 107 169
168 55 49
210 180 140
217 154 108
249 77 0
242 133 0
255 204 0
228 113 122
251 77 70
72 60 50
139 133 137
208 240 192
248 131 121
244 194 194
0 128 128
54 117 136
153 230 179
0 130 127
207 52 118
60 33 38
205 87 0
226 114 91
216 191 216
235 176 215
222 111 161
252 137 172
10 186 181
224 141 60
219 215 210
135 134 129
238 230 0
255 99 71
178 24 7
116 108 192
255 250 250
255 200 124
253 14 53
128 128 128
0 117 94
205 164 222
0 115 207
62 142 222
255 135 141
222 170 136
181 114 129
64 224 208
0 255 239
160 214 180
0 197 205
138 154 91
250 214 165
111 78 55
124 72 72
166 123 91
192 153 153
138 73 107
38 167 222
102 2 60
18 10 143
65 102 245
33 17 239
255 111 255
252 108 133
99 81 71
255 221 202
91 146 229
255 255 102
123 17 19
174 32 41
225 173 33
8 8 8
102 66 40
243 229 171
243 143 169
197 179 88
200 8 21
67 179 174
227 66 52
217 56 30
160 32 240
24 136 13
116 187 251
102 102 255
100 233 134
255 176 119
255 223 191
255 255 191
22 64 16
143 0 255
110 0 192
127 0 255
150 61 127
134 1 175
238 130 238
50 74 178
118 110 200
247 83 148
103 68 3
64 130 109
0 150 152
124 158 217
204 153 0
146 39 36
159 29 53
218 29 129
0 170 238
204 0 51
255 153 0
166 214 8
0 204 51
184 12 227
255 95 0
255 160 0
204 0 255
255 0 108
247 13 26
223 97 36
0 204 255
240 116 39
255 160 137
229 96 36
159 0 255
255 227 2
212 241 249
240 92 133
190 65 71
238 255 27
164 244 249
124 152 171
100 84 82
245 222 179
255 255 255
237 230 214
230 224 212
245 245 245
212 112 162
255 67 164
252 108 133
253 88 0
167 85 2
114 47 55
103 49 71
177 18 38
255 0 124
160 230 255
86 136 125
201 160 220
193 154 107
115 134 120
255 255 0
252 232 131
239 204 0
255 211 0
254 223 0
255 239 0
254 254 51
154 205 50
197 227 132
255 174 66
255 149 5
255 240 0
255 247 0
46 80 144
0 20 168
245 245 245
44 22 8
